4294967278,21
4294967278,20
4294967278,28
4294967278,27
4294967278,26
4294967278,25
4294967278,24
4294967278,23
4294967278,22
4294967279,523
4294967278,46
4294967278,45
4294967278,44
4294967278,43
4294967278,42
4294967278,41
4294967278,40
4294967278,39
4294967278,38
4294967278,37
4294967278,36
4294967278,35
4294967278,34
4294967278,33
4294967278,32
4294967278,31
4294967278,30
4294967278,29
4294967279,48
4294967279,46
4294967279,43
4294967279,40
4294967279,39
4294967279,36
4294967279,35
4294967279,34
4294967279,33
4294967279,32
4294967279,31
4294967279,28
4294967279,25
4294967279,24
4294967279,23
4294967279,21
4294967279,15
4294967279,12
4294967279,522
4294967278,335
4294967278,252
4294967278,253
4294967279,521
4294967279,520
4294967278,251
4294967278,249
4294967278,248
8,4
8,5
8,1
6,4
4294967294,42
4294967294,424
4294967294,43
4294967278,132
4294967278,131
4294967278,130
4294967278,129
4294967278,128
4294967278,127
4294967278,126
4294967278,125
4294967278,124
4294967278,123
4294967278,122
4294967278,121
4294967278,120
4294967278,119
4294967278,114
4294967278,112
4294967278,111
4294967278,110
4294967278,109
4294967278,107
4294967278,104
4294967278,102
4294967278,101
4294967278,100
4294967278,99
4294967278,98
4294967278,97
4294967278,96
4294967278,95
4294967278,93
4294967278,92
4294967278,91
4294967278,90
4294967278,82
4294967278,80
4294967278,79
4294967278,78
4294967278,77
4294967278,75
4294967278,74
4294967278,73
4294967278,72
4294967278,71
4294967278,70
4294967278,69
4294967278,68
4294967278,67
4294967278,66
4294967278,65
4294967278,64
4294967278,63
4294967278,62
4294967278,61
4294967278,60
4294967278,59
4294967278,58
4294967278,57
4294967278,56
4294967278,55
4294967278,54
4294967278,53
4294967278,52
4294967278,51
4294967278,50
4294967278,49
4294967278,48
4294967278,47
4294967279,47
4294967279,45
4294967279,44
4294967279,42
4294967279,41
4294967279,38
4294967279,37
4294967279,30
4294967279,29
4294967279,27
4294967279,26
4294967279,22
4294967279,20
4294967279,19
4294967279,18
4294967279,17
4294967279,16
4294967279,14
4294967279,13
4294967279,11
4294967279,10
4294967279,9
4294967279,8
4294967279,7
4294967279,6
4294967279,5
4294967279,4
4294967278,118
4294967278,245
4294967294,51
4294967294,99
4294967294,76
4294967278,117
4294967278,243
4294967294,82
4294967278,108
4294967294,91
4294967294,90
4294967294,87
4294967294,86
4294967294,84
4294967294,83
4294967278,116
4294967278,241
8,3
4294967278,115
4294967278,239
4294967278,237
4294967278,236
4294967278,334
4294967278,260
4294967278,113
4294967278,234
4294967278,232
4294967278,226
4294967278,230
30,5
30,4
4294967278,228
30,3
30,2
30,1
4294967278,227
4294967294,5
4294967294,965
4294967278,106
4294967278,223
4294967278,105
4294967278,221
4294967278,218
4294967294,478
4294967294,469
4294967278,103
4294967278,216
4294967278,217
4294967294,89
4294967278,214
4294967278,212
29,5
4294967278,211
29,4
29,3
29,2
29,1
4294967279,519
4294967278,210
4294967294,971
4294967278,208
4294967278,207
4294967278,333
4294967278,94
4294967294,390
4294967294,428
4294967294,409
4294967294,414
4294967294,950
4294967294,407
4294967294,179
4294967294,420
4294967294,406
4294967294,183
4294967294,451
4294967294,111
4294967294,454
4294967278,206
4294967294,46
4294967278,205
4294967278,204
4294967278,203
4294967278,202
5,4
4294967294,69
4294967278,89
4294967278,314
4294967294,107
4294967294,81
4294967278,332
4294967278,86
4294967278,199
4294967278,87
4294967278,313
4294967294,7
4294967294,31
4294967294,61
4294967294,421
4294967294,401
4294967294,182
4294967294,161
4294967294,12
4294967294,967
4294967294,966
4294967294,962
4294967294,961
4294967294,960
4294967294,919
4294967294,918
4294967294,917
4294967294,916
4294967294,915
4294967294,913
4294967294,912
4294967294,910
4294967294,909
4294967294,907
4294967294,905
4294967294,903
4294967294,902
4294967294,901
4294967294,899
4294967294,68
4294967294,11
4294967294,22
4294967294,17
4294967278,85
4294967278,312
4294967294,906
4294967294,186
4294967278,76
4294967294,50
4294967294,418
